{
	"asset": {
		"generator": "SOLIDWORKSGLTF",
		"version" : "2.0"
	},
"extensionsUsed": [ "KHR_lights_punctual", "Solidworks_custom_properties"],
	"scene" : 5,
	"scenes": [
		{
			"name": "1S 1T 60d V1 - Etat d'affichage-1",
			"nodes": [
				0, 11, 29, 30]
		}
		,
		{
			"name": "1S 1T 65d V1 - Etat d'affichage-1",
			"nodes": [
				0, 31, 49, 50]
		}
		,
		{
			"name": "2S 1T 60d V1 - Etat d'affichage-1",
			"nodes": [
				0, 51, 69, 70]
		}
		,
		{
			"name": "2S 1T 65d V1 - Etat d'affichage-1",
			"nodes": [
				0, 71, 89, 90]
		}
		,
		{
			"name": "1S 1PC V1 - Etat d'affichage-1",
			"nodes": [
				0, 91, 109, 110]
		}
		,
		{
			"name": "2S 1PC V1 - Etat d'affichage-1",
			"nodes": [
				0, 111, 129, 130]
		}
		,
		{
			"name": "1S 1T 60d V2 - Etat d'affichage-1",
			"nodes": [
				0, 131, 149, 150]
		}
		,
		{
			"name": "1S 1T 65d V2 - Etat d'affichage-1",
			"nodes": [
				0, 151, 169, 170]
		}
		,
		{
			"name": "1S 1PC V2 - Etat d'affichage-1",
			"nodes": [
				0, 171, 189, 190]
		}
		,
		{
			"name": "1S 1T 60d V3 - Etat d'affichage-1",
			"nodes": [
				0, 191, 209, 210]
		}
		,
		{
			"name": "1S 1T 65d V3 - Etat d'affichage-1",
			"nodes": [
				0, 211, 229, 230]
		}
		,
		{
			"name": "1S 1PC V3 - Etat d'affichage-1",
			"nodes": [
				0, 231, 249, 250]
		}
		,
		{
			"name": "1S 1T 60d V4 - Etat d'affichage-1",
			"nodes": [
				0, 251, 269, 270]
		}
		,
		{
			"name": "1S 1T 65d V4 - Etat d'affichage-1",
			"nodes": [
				0, 271, 289, 290]
		}
		,
		{
			"name": "2S 1t 60d V4 - Etat d'affichage-1",
			"nodes": [
				0, 291, 309, 310]
		}
		,
		{
			"name": "2S 1T 65d V4 - Etat d'affichage-1",
			"nodes": [
				0, 311, 329, 330]
		}
		,
		{
			"name": "1S 1PC V4 - Etat d'affichage-1",
			"nodes": [
				0, 331, 349, 350]
		}
		,
		{
			"name": "2S 1PC V4 - Etat d'affichage-1",
			"nodes": [
				0, 351, 369, 370]
		}
	],
	"nodes": [
		{
			"matrix": [
				0.64243,					-0.043971,					-0.765082,					0,
				-0.178148,					0.962434,					-0.204902,					0,
				0.745351,					0.267933,					0.610463,					0,
				0.655397,					0.261332,					0.486156,					1
			]
			,"camera": 0
			,"name": "current"		}
,
		{
			"matrix": [
				0,					0,					-1,					0,
				0,					1,					0,					0,
				1,					0,					0,					0,
				0.852099,					0.0345741,					-0.0364235,					1
			]
			,"camera": 1
			,"name": "*Normal To"		}
,
		{
			"matrix": [
				1,					0,					0,					0,
				0,					1,					0,					0,
				0,					0,					1,					0,
				0,					6.13398e-15,					0.878769,					1
			]
			,"camera": 2
			,"name": "*Front"		}
,
		{
			"matrix": [
				-1,					0,					0,					0,
				0,					1,					0,					0,
				0,					0,					-1,					0,
				0,					6.13398e-15,					-0.878769,					1
			]
			,"camera": 3
			,"name": "*Back"		}
,
		{
			"matrix": [
				0,					0,					1,					0,
				0,					1,					0,					0,
				-1,					0,					0,					0,
				-0.878769,					6.13398e-15,					0,					1
			]
			,"camera": 4
			,"name": "*Left"		}
,
		{
			"matrix": [
				0,					0,					-1,					0,
				0,					1,					0,					0,
				1,					0,					0,					0,
				0.878769,					6.13398e-15,					0,					1
			]
			,"camera": 5
			,"name": "*Right"		}
,
		{
			"matrix": [
				1,					0,					0,					0,
				0,					0,					-1,					0,
				0,					1,					0,					0,
				0,					0.878769,					-6.13398e-15,					1
			]
			,"camera": 6
			,"name": "*Top"		}
,
		{
			"matrix": [
				1,					0,					0,					0,
				0,					0,					1,					0,
				0,					-1,					0,					0,
				0,					-0.878769,					6.13398e-15,					1
			]
			,"camera": 7
			,"name": "*Bottom"		}
,
		{
			"matrix": [
				0.707107,					0,					-0.707107,					0,
				-0.408204,					0.816541,					-0.408204,					0,
				0.577382,					0.577288,					0.577382,					0,
				0.507385,					0.507303,					0.507385,					1
			]
			,"camera": 8
			,"name": "*Isometric"		}
,
		{
			"matrix": [
				0.884418,					0,					-0.466695,					0,
				-0.240366,					0.857167,					-0.455509,					0,
				0.400036,					0.515038,					0.758094,					0,
				0.351539,					0.452599,					0.66619,					1
			]
			,"camera": 9
			,"name": "*Trimetric"		}
,
		{
			"matrix": [
				0.935414,					0,					-0.353553,					0,
				-0.117851,					0.942809,					-0.311805,					0,
				0.333333,					0.333333,					0.881917,					0,
				0.292923,					0.292923,					0.775001,					1
			]
			,"camera": 10
			,"name": "*Dimetric"		}
,
		{
			"children": [
				12, 13, 14, 15, 16, 17, 18, 19, 20, 21, 22, 23, 24, 25, 26, 27, 28
			]
			,"name": "Assemblage final"		}
,
		{
			"matrix": [
				1.29544e-22,					-1.99515e-22,					-1,					0,
				-0.283572,					0.958951,					-2.2806e-22,					0,
				0.958951,					0.283572,					6.76493e-23,					0,
				0.0351807,					0.0597785,					-0.032,					1
			]
			,"name": "User Library-Iphone 8 v2-3"		}
,
		{
			"matrix": [
				0.0136668,					-1.46995e-32,					0.999907,					0,
				0.999907,					-4.46884e-33,					-0.0136668,					0,
				4.66932e-33,					1,					1.46371e-32,					0,
				0.0209459,					-0.00993302,					-0.0188178,					1
			]
			,"name": "module port telephone 65-1"		}
,
		{
			"matrix": [
				-0.34202,					-0.939693,					-1.40954e-18,					0,
				0.939693,					-0.34202,					7.49401e-16,					0,
				-7.04688e-16,					2.54986e-16,					1,					0,
				0.0289381,					0.0150877,					-0.00811776,					1
			]
			,"name": "post it-1"		}
,
		{
			"matrix": [
				-1,					-2.31296e-16,					0,					0,
				-2.31296e-16,					1,					4.93038e-32,					0,
				-1.14038e-47,					4.93038e-32,					-1,					0,
				-0.00458106,					-0.00230923,					-0.0315178,					1
			]
			,"name": "porte stylo 2-1"		}
,
		{
			"matrix": [
				0.698849,					1.53714e-16,					-0.715269,					0,
				0.715269,					2.31777e-17,					0.698849,					0,
				1.24001e-16,					-1,					-9.37488e-17,					0,
				-0.014963,					0.06,					-0.0254,					1
			]
			,"name": "porte stylo 3-2"		}
,
		{
			"matrix": [
				0.882171,					4.91349e-17,					-0.47093,					0,
				-1.99409e-17,					1,					6.69817e-17,					0,
				0.47093,					-4.96985e-17,					0.882171,					0,
				-0.00775606,					0.0656908,					-0.0315178,					1
			]
			,"name": "porte stylo 4-1"		}
,
		{
			"matrix": [
				0.672121,					0,					0.740442,					0,
				0.740442,					0,					-0.672121,					0,
				0,					1,					0,					0,
				0.0209459,					-0.00993302,					-0.0442178,					1
			]
			,"name": "module port telephone 65-2"		}
,
		{
			"matrix": [
				-0.843221,					-6.75415e-16,					0.537567,					0,
				-0.537567,					-7.29459e-17,					-0.843221,					0,
				6.08738e-16,					-1,					-3.01572e-16,					0,
				-0.014963,					0.06,					2.08167e-17,					1
			]
			,"name": "porte stylo 3-1"		}
,
		{
			"matrix": [
				-0.912468,					0.332111,					-0.238966,					0,
				0.34202,					0.939693,					-2.18645e-16,					0,
				0.224555,					-0.0817312,					-0.971028,					0,
				0.0603051,					-0.0137282,					-0.0442178,					1
			]
			,"mesh": 0
			,"name": "plot-2"		}
,
		{
			"matrix": [
				-0.220538,					0,					-0.975378,					0,
				0.975378,					0,					-0.220538,					0,
				0,					-1,					0,					0,
				-0.00775606,					0.0656908,					-0.0315178,					1
			]
			,"mesh": 1
			,"name": "porte stylo 1-1"		}
,
		{
			"matrix": [
				0.72725,					-0.264697,					0.63328,					0,
				0.34202,					0.939693,					-4.70153e-17,					0,
				-0.595088,					0.216594,					0.773923,					0,
				0.0603051,					-0.0137282,					-0.0188178,					1
			]
			,"mesh": 2
			,"name": "plot-1"		}
,
		{
			"matrix": [
				-0.0891912,					-4.07461e-17,					0.996015,					0,
				0.996015,					-5.30939e-16,					0.0891912,					0,
				5.25189e-16,					1,					8.79388e-17,					0,
				-0.00775606,					0.0206908,					-0.0315178,					1
			]
			,"mesh": 3
			,"name": "stylo-1"		}
,
		{
			"matrix": [
				1,					2.63678e-16,					-2.26983e-16,					0,
				2.63678e-16,					-1,					-8.41149e-17,					0,
				-2.26983e-16,					8.41149e-17,					-1,					0,
				0.0176439,					0.00569077,					-0.0315178,					1
			]
			,"mesh": 4
			,"name": "Socle-2"		}
,
		{
			"matrix": [
				0.972254,					3.41286e-16,					0.233929,					0,
				0.233929,					1.82998e-16,					-0.972254,					0,
				-3.74625e-16,					1,					9.80842e-17,					0,
				0.00268094,					0.0206908,					-0.0188178,					1
			]
			,"name": "stylo-2"		}
,
		{
			"matrix": [
				-0.546499,					0,					-0.83746,					0,
				-0.83746,					0,					0.546499,					0,
				0,					1,					0,					0,
				0.0209459,					-0.00993302,					-0.0442178,					1
			]
			,"mesh": 5
			,"name": "module port telephone 60-1"		}
,
		{
			"matrix": [
				-0.222109,					-1.19406e-16,					0.975022,					0,
				-0.975022,					2.72005e-17,					-0.222109,					0,
				-2.78508e-28,					-1,					-1.22465e-16,					0,
				0.0209459,					0.078067,					-0.0188178,					1
			]
			,"mesh": 6
			,"name": "module port telephone 60-2"		}
,
		{
			"matrix": [
				-0.977531,					0,					-0.210793,					0,
				0.210793,					0,					-0.977531,					0,
				0,					-1,					0,					0,
				0.00268094,					0.0656908,					-0.0442178,					1
			]
			,"name": "porte stylo 1-2"		}
,
		{
			"matrix": [
				0.906308,					-2.95113e-15,					0,					0,
				1.2472e-15,					0.383022,					-0.821394,					0,
				2.95113e-15,					0.906308,					0.422618,					0,
				-1.47556e-15,					0.453154,					-0.211309,					1
			]
			,"extensions" : {
				"KHR_lights_punctual" : {
					"light" : 0
				}
			}
			,"name": "LightNode_Directional5"		}
,
		{
			"matrix": [
				0.577288,					0.577382,					-0,					0,
				0.333369,					-0.333315,					-0.666631,					0,
				-0.577382,					0.577288,					-0.577382,					0,
				0.288691,					0.288644,					0.288691,					1
			]
			,"extensions" : {
				"KHR_lights_punctual" : {
					"light" : 1
				}
			}
			,"name": "LightNode_Directional6"		}
,
		{
			"children": [
				32, 33, 34, 35, 36, 37, 38, 39, 40, 41, 42, 43, 44, 45, 46, 47, 48
			]
			,"name": "Assemblage final"		}
,
		{
			"matrix": [
				0.0136668,					-1.46995e-32,					0.999907,					0,
				0.999907,					-4.46884e-33,					-0.0136668,					0,
				4.66932e-33,					1,					1.46371e-32,					0,
				0.0209459,					-0.00993302,					-0.0188178,					1
			]
			,"mesh": 7
			,"name": "module port telephone 65-1"		}
,
		{
			"matrix": [
				0.672121,					0,					0.740442,					0,
				0.740442,					0,					-0.672121,					0,
				0,					1,					0,					0,
				0.0209459,					-0.00993302,					-0.0442178,					1
			]
			,"mesh": 8
			,"name": "module port telephone 65-2"		}
,
		{
			"matrix": [
				-0.0891912,					-4.07461e-17,					0.996015,					0,
				0.996015,					-5.30939e-16,					0.0891912,					0,
				5.25189e-16,					1,					8.79388e-17,					0,
				-0.00775606,					0.0206908,					-0.0315178,					1
			]
			,"mesh": 9
			,"name": "stylo-1"		}
,
		{
			"matrix": [
				0.972254,					3.41286e-16,					0.233929,					0,
				0.233929,					1.82998e-16,					-0.972254,					0,
				-3.74625e-16,					1,					9.80842e-17,					0,
				0.00268094,					0.0206908,					-0.0188178,					1
			]
			,"name": "stylo-2"		}
,
		{
			"matrix": [
				0.72725,					-0.264697,					0.63328,					0,
				0.34202,					0.939693,					-4.70153e-17,					0,
				-0.595088,					0.216594,					0.773923,					0,
				0.0603051,					-0.0137282,					-0.0188178,					1
			]
			,"mesh": 10
			,"name": "plot-1"		}
,
		{
			"matrix": [
				-0.977531,					0,					-0.210793,					0,
				0.210793,					0,					-0.977531,					0,
				0,					-1,					0,					0,
				0.00268094,					0.0656908,					-0.0442178,					1
			]
			,"name": "porte stylo 1-2"		}
,
		{
			"matrix": [
				-0.912468,					0.332111,					-0.238966,					0,
				0.34202,					0.939693,					-2.18645e-16,					0,
				0.224555,					-0.0817312,					-0.971028,					0,
				0.0603051,					-0.0137282,					-0.0442178,					1
			]
			,"mesh": 11
			,"name": "plot-2"		}
,
		{
			"matrix": [
				-0.220538,					0,					-0.975378,					0,
				0.975378,					0,					-0.220538,					0,
				0,					-1,					0,					0,
				-0.00775606,					0.0656908,					-0.0315178,					1
			]
			,"mesh": 12
			,"name": "porte stylo 1-1"		}
,
		{
			"matrix": [
				1.29544e-22,					-1.99515e-22,					-1,					0,
				-0.283572,					0.958951,					-2.2806e-22,					0,
				0.958951,					0.283572,					6.76493e-23,					0,
				0.0351807,					0.0597785,					-0.032,					1
			]
			,"name": "User Library-Iphone 8 v2-3"		}
,
		{
			"matrix": [
				1,					2.63678e-16,					-2.26983e-16,					0,
				2.63678e-16,					-1,					-8.41149e-17,					0,
				-2.26983e-16,					8.41149e-17,					-1,					0,
				0.0176439,					0.00569077,					-0.0315178,					1
			]
			,"mesh": 13
			,"name": "Socle-2"		}
,
		{
			"matrix": [
				-0.34202,					-0.939693,					-1.40954e-18,					0,
				0.939693,					-0.34202,					7.49401e-16,					0,
				-7.04688e-16,					2.54986e-16,					1,					0,
				0.0289381,					0.0150877,					-0.00811776,					1
			]
			,"name": "post it-1"		}
,
		{
			"matrix": [
				-0.546499,					0,					-0.83746,					0,
				-0.83746,					0,					0.546499,					0,
				0,					1,					0,					0,
				0.0209459,					-0.00993302,					-0.0442178,					1
			]
			,"name": "module port telephone 60-1"		}
,
		{
			"matrix": [
				-0.222109,					-1.19406e-16,					0.975022,					0,
				-0.975022,					2.72005e-17,					-0.222109,					0,
				-2.78508e-28,					-1,					-1.22465e-16,					0,
				0.0209459,					0.078067,					-0.0188178,					1
			]
			,"name": "module port telephone 60-2"		}
,
		{
			"matrix": [
				0.882171,					4.91349e-17,					-0.47093,					0,
				-1.99409e-17,					1,					6.69817e-17,					0,
				0.47093,					-4.96985e-17,					0.882171,					0,
				-0.00775606,					0.0656908,					-0.0315178,					1
			]
			,"name": "porte stylo 4-1"		}
,
		{
			"matrix": [
				-1,					-2.31296e-16,					0,					0,
				-2.31296e-16,					1,					4.93038e-32,					0,
				-1.14038e-47,					4.93038e-32,					-1,					0,
				-0.00458106,					-0.00230923,					-0.0315178,					1
			]
			,"name": "porte stylo 2-1"		}
,
		{
			"matrix": [
				-0.843221,					-6.75415e-16,					0.537567,					0,
				-0.537567,					-7.29459e-17,					-0.843221,					0,
				6.08738e-16,					-1,					-3.01572e-16,					0,
				-0.014963,					0.06,					2.08167e-17,					1
			]
			,"name": "porte stylo 3-1"		}
,
		{
			"matrix": [
				0.698849,					1.53714e-16,					-0.715269,					0,
				0.715269,					2.31777e-17,					0.698849,					0,
				1.24001e-16,					-1,					-9.37488e-17,					0,
				-0.014963,					0.06,					-0.0254,					1
			]
			,"name": "porte stylo 3-2"		}
,
		{
			"matrix": [
				0.906308,					-2.95113e-15,					0,					0,
				1.2472e-15,					0.383022,					-0.821394,					0,
				2.95113e-15,					0.906308,					0.422618,					0,
				-1.47556e-15,					0.453154,					-0.211309,					1
			]
			,"extensions" : {
				"KHR_lights_punctual" : {
					"light" : 2
				}
			}
			,"name": "LightNode_Directional5"		}
,
		{
			"matrix": [
				0.577288,					0.577382,					-0,					0,
				0.333369,					-0.333315,					-0.666631,					0,
				-0.577382,					0.577288,					-0.577382,					0,
				0.288691,					0.288644,					0.288691,					1
			]
			,"extensions" : {
				"KHR_lights_punctual" : {
					"light" : 3
				}
			}
			,"name": "LightNode_Directional6"		}
,
		{
			"children": [
				52, 53, 54, 55, 56, 57, 58, 59, 60, 61, 62, 63, 64, 65, 66, 67, 68
			]
			,"name": "Assemblage final"		}
,
		{
			"matrix": [
				-0.977531,					0,					-0.210793,					0,
				0.210793,					0,					-0.977531,					0,
				0,					-1,					0,					0,
				-0.00775606,					0.0656908,					-0.0188178,					1
			]
			,"mesh": 14
			,"name": "porte stylo 1-2"		}
,
		{
			"matrix": [
				1,					2.63678e-16,					-2.26983e-16,					0,
				2.63678e-16,					-1,					-8.41149e-17,					0,
				-2.26983e-16,					8.41149e-17,					-1,					0,
				0.0176439,					0.00569077,					-0.0315178,					1
			]
			,"mesh": 15
			,"name": "Socle-2"		}
,
		{
			"matrix": [
				-0.220538,					0,					-0.975378,					0,
				0.975378,					0,					-0.220538,					0,
				0,					-1,					0,					0,
				-0.00775606,					0.0656908,					-0.0442178,					1
			]
			,"mesh": 16
			,"name": "porte stylo 1-1"		}
,
		{
			"matrix": [
				-0.0891912,					-4.07461e-17,					0.996015,					0,
				0.996015,					-5.30939e-16,					0.0891912,					0,
				5.25189e-16,					1,					8.79388e-17,					0,
				-0.00775606,					0.0206908,					-0.0188178,					1
			]
			,"mesh": 17
			,"name": "stylo-1"		}
,
		{
			"matrix": [
				1.29544e-22,					-1.99515e-22,					-1,					0,
				-0.283572,					0.958951,					-2.2806e-22,					0,
				0.958951,					0.283572,					6.76493e-23,					0,
				0.0351807,					0.0597785,					-0.032,					1
			]
			,"name": "User Library-Iphone 8 v2-3"		}
,
		{
			"matrix": [
				-0.843221,					-6.75415e-16,					0.537567,					0,
				-0.537567,					-7.29459e-17,					-0.843221,					0,
				6.08738e-16,					-1,					-3.01572e-16,					0,
				-0.014963,					0.06,					2.08167e-17,					1
			]
			,"name": "porte stylo 3-1"		}
,
		{
			"matrix": [
				0.972254,					3.41286e-16,					0.233929,					0,
				0.233929,					1.82998e-16,					-0.972254,					0,
				-3.74625e-16,					1,					9.80842e-17,					0,
				-0.00775606,					0.0206908,					-0.0442178,					1
			]
			,"mesh": 18
			,"name": "stylo-2"		}
,
		{
			"matrix": [
				-0.222109,					-1.19406e-16,					0.975022,					0,
				-0.975022,					2.72005e-17,					-0.222109,					0,
				-2.78508e-28,					-1,					-1.22465e-16,					0,
				0.0209459,					0.078067,					-0.0188178,					1
			]
			,"mesh": 19
			,"name": "module port telephone 60-2"		}
,
		{
			"matrix": [
				0.0136668,					-1.46995e-32,					0.999907,					0,
				0.999907,					-4.46884e-33,					-0.0136668,					0,
				4.66932e-33,					1,					1.46371e-32,					0,
				0.0209459,					-0.00993302,					-0.0188178,					1
			]
			,"name": "module port telephone 65-1"		}
,
		{
			"matrix": [
				-0.546499,					0,					-0.83746,					0,
				-0.83746,					0,					0.546499,					0,
				0,					1,					0,					0,
				0.0209459,					-0.00993302,					-0.0442178,					1
			]
			,"mesh": 20
			,"name": "module port telephone 60-1"		}
,
		{
			"matrix": [
				0.72725,					-0.264697,					0.63328,					0,
				0.34202,					0.939693,					-4.70153e-17,					0,
				-0.595088,					0.216594,					0.773923,					0,
				0.0603051,					-0.0137282,					-0.0188178,					1
			]
			,"mesh": 21
			,"name": "plot-1"		}
,
		{
			"matrix": [
				-0.912468,					0.332111,					-0.238966,					0,
				0.34202,					0.939693,					-2.18645e-16,					0,
				0.224555,					-0.0817312,					-0.971028,					0,
				0.0603051,					-0.0137282,					-0.0442178,					1
			]
			,"mesh": 22
			,"name": "plot-2"		}
,
		{
			"matrix": [
				0.672121,					0,					0.740442,					0,
				0.740442,					0,					-0.672121,					0,
				0,					1,					0,					0,
				0.0209459,					-0.00993302,					-0.0442178,					1
			]
			,"name": "module port telephone 65-2"		}
,
		{
			"matrix": [
				-0.34202,					-0.939693,					-1.40954e-18,					0,
				0.939693,					-0.34202,					7.49401e-16,					0,
				-7.04688e-16,					2.54986e-16,					1,					0,
				0.0289381,					0.0150877,					-0.00811776,					1
			]
			,"name": "post it-1"		}
,
		{
			"matrix": [
				-1,					-2.31296e-16,					0,					0,
				-2.31296e-16,					1,					4.93038e-32,					0,
				-1.14038e-47,					4.93038e-32,					-1,					0,
				-0.00458106,					-0.00230923,					-0.0315178,					1
			]
			,"name": "porte stylo 2-1"		}
,
		{
			"matrix": [
				0.882171,					4.91349e-17,					-0.47093,					0,
				-1.99409e-17,					1,					6.69817e-17,					0,
				0.47093,					-4.96985e-17,					0.882171,					0,
				-0.00775606,					0.0656908,					-0.0315178,					1
			]
			,"name": "porte stylo 4-1"		}
,
		{
			"matrix": [
				0.698849,					1.53714e-16,					-0.715269,					0,
				0.715269,					2.31777e-17,					0.698849,					0,
				1.24001e-16,					-1,					-9.37488e-17,					0,
				-0.014963,					0.06,					-0.0254,					1
			]
			,"name": "porte stylo 3-2"		}
,
		{
			"matrix": [
				0.906308,					-2.95113e-15,					0,					0,
				1.2472e-15,					0.383022,					-0.821394,					0,
				2.95113e-15,					0.906308,					0.422618,					0,
				-1.47556e-15,					0.453154,					-0.211309,					1
			]
			,"extensions" : {
				"KHR_lights_punctual" : {
					"light" : 4
				}
			}
			,"name": "LightNode_Directional5"		}
,
		{
			"matrix": [
				0.577288,					0.577382,					-0,					0,
				0.333369,					-0.333315,					-0.666631,					0,
				-0.577382,					0.577288,					-0.577382,					0,
				0.288691,					0.288644,					0.288691,					1
			]
			,"extensions" : {
				"KHR_lights_punctual" : {
					"light" : 5
				}
			}
			,"name": "LightNode_Directional6"		}
,
		{
			"children": [
				72, 73, 74, 75, 76, 77, 78, 79, 80, 81, 82, 83, 84, 85, 86, 87, 88
			]
			,"name": "Assemblage final"		}
,
		{
			"matrix": [
				-0.220538,					0,					-0.975378,					0,
				0.975378,					0,					-0.220538,					0,
				0,					-1,					0,					0,
				-0.00775606,					0.0656908,					-0.0442178,					1
			]
			,"mesh": 23
			,"name": "porte stylo 1-1"		}
,
		{
			"matrix": [
				1,					2.63678e-16,					-2.26983e-16,					0,
				2.63678e-16,					-1,					-8.41149e-17,					0,
				-2.26983e-16,					8.41149e-17,					-1,					0,
				0.0176439,					0.00569077,					-0.0315178,					1
			]
			,"mesh": 24
			,"name": "Socle-2"		}
,
		{
			"matrix": [
				1.29544e-22,					-1.99515e-22,					-1,					0,
				-0.283572,					0.958951,					-2.2806e-22,					0,
				0.958951,					0.283572,					6.76493e-23,					0,
				0.0351807,					0.0597785,					-0.032,					1
			]
			,"name": "User Library-Iphone 8 v2-3"		}
,
		{
			"matrix": [
				-0.977531,					0,					-0.210793,					0,
				0.210793,					0,					-0.977531,					0,
				0,					-1,					0,					0,
				-0.00775606,					0.0656908,					-0.0188178,					1
			]
			,"mesh": 25
			,"name": "porte stylo 1-2"		}
,
		{
			"matrix": [
				-0.546499,					0,					-0.83746,					0,
				-0.83746,					0,					0.546499,					0,
				0,					1,					0,					0,
				0.0209459,					-0.00993302,					-0.0442178,					1
			]
			,"name": "module port telephone 60-1"		}
,
		{
			"matrix": [
				0.0136668,					-1.46995e-32,					0.999907,					0,
				0.999907,					-4.46884e-33,					-0.0136668,					0,
				4.66932e-33,					1,					1.46371e-32,					0,
				0.0209459,					-0.00993302,					-0.0188178,					1
			]
			,"mesh": 26
			,"name": "module port telephone 65-1"		}
,
		{
			"matrix": [
				0.882171,					4.91349e-17,					-0.47093,					0,
				-1.99409e-17,					1,					6.69817e-17,					0,
				0.47093,					-4.96985e-17,					0.882171,					0,
				-0.00775606,					0.0656908,					-0.0315178,					1
			]
			,"name": "porte stylo 4-1"		}
,
		{
			"matrix": [
				-1,					-2.31296e-16,					0,					0,
				-2.31296e-16,					1,					4.93038e-32,					0,
				-1.14038e-47,					4.93038e-32,					-1,					0,
				-0.00458106,					-0.00230923,					-0.0315178,					1
			]
			,"name": "porte stylo 2-1"		}
,
		{
			"matrix": [
				-0.912468,					0.332111,					-0.238966,					0,
				0.34202,					0.939693,					-2.18645e-16,					0,
				0.224555,					-0.0817312,					-0.971028,					0,
				0.0603051,					-0.0137282,					-0.0442178,					1
			]
			,"mesh": 27
			,"name": "plot-2"		}
,
		{
			"matrix": [
				-0.34202,					-0.939693,					-1.40954e-18,					0,
				0.939693,					-0.34202,					7.49401e-16,					0,
				-7.04688e-16,					2.54986e-16,					1,					0,
				0.0289381,					0.0150877,					-0.00811776,					1
			]
			,"name": "post it-1"		}
,
		{
			"matrix": [
				-0.222109,					-1.19406e-16,					0.975022,					0,
				-0.975022,					2.72005e-17,					-0.222109,					0,
				-2.78508e-28,					-1,					-1.22465e-16,					0,
				0.0209459,					0.078067,					-0.0188178,					1
			]
			,"name": "module port telephone 60-2"		}
,
		{
			"matrix": [
				0.698849,					1.53714e-16,					-0.715269,					0,
				0.715269,					2.31777e-17,					0.698849,					0,
				1.24001e-16,					-1,					-9.37488e-17,					0,
				-0.014963,					0.06,					-0.0254,					1
			]
			,"name": "porte stylo 3-2"		}
,
		{
			"matrix": [
				-0.0891912,					-4.07461e-17,					0.996015,					0,
				0.996015,					-5.30939e-16,					0.0891912,					0,
				5.25189e-16,					1,					8.79388e-17,					0,
				-0.00775606,					0.0206908,					-0.0188178,					1
			]
			,"mesh": 28
			,"name": "stylo-1"		}
,
		{
			"matrix": [
				0.972254,					3.41286e-16,					0.233929,					0,
				0.233929,					1.82998e-16,					-0.972254,					0,
				-3.74625e-16,					1,					9.80842e-17,					0,
				-0.00775606,					0.0206908,					-0.0442178,					1
			]
			,"mesh": 29
			,"name": "stylo-2"		}
,
		{
			"matrix": [
				0.72725,					-0.264697,					0.63328,					0,
				0.34202,					0.939693,					-4.70153e-17,					0,
				-0.595088,					0.216594,					0.773923,					0,
				0.0603051,					-0.0137282,					-0.0188178,					1
			]
			,"mesh": 30
			,"name": "plot-1"		}
,
		{
			"matrix": [
				0.672121,					0,					0.740442,					0,
				0.740442,					0,					-0.672121,					0,
				0,					1,					0,					0,
				0.0209459,					-0.00993302,					-0.0442178,					1
			]
			,"mesh": 31
			,"name": "module port telephone 65-2"		}
,
		{
			"matrix": [
				-0.843221,					-6.75415e-16,					0.537567,					0,
				-0.537567,					-7.29459e-17,					-0.843221,					0,
				6.08738e-16,					-1,					-3.01572e-16,					0,
				-0.014963,					0.06,					2.08167e-17,					1
			]
			,"name": "porte stylo 3-1"		}
,
		{
			"matrix": [
				0.906308,					-2.95113e-15,					0,					0,
				1.2472e-15,					0.383022,					-0.821394,					0,
				2.95113e-15,					0.906308,					0.422618,					0,
				-1.47556e-15,					0.453154,					-0.211309,					1
			]
			,"extensions" : {
				"KHR_lights_punctual" : {
					"light" : 6
				}
			}
			,"name": "LightNode_Directional5"		}
,
		{
			"matrix": [
				0.577288,					0.577382,					-0,					0,
				0.333369,					-0.333315,					-0.666631,					0,
				-0.577382,					0.577288,					-0.577382,					0,
				0.288691,					0.288644,					0.288691,					1
			]
			,"extensions" : {
				"KHR_lights_punctual" : {
					"light" : 7
				}
			}
			,"name": "LightNode_Directional6"		}
,
		{
			"children": [
				92, 93, 94, 95, 96, 97, 98, 99, 100, 101, 102, 103, 104, 105, 106, 107, 108
			]
			,"name": "Assemblage final"		}
,
		{
			"matrix": [
				1,					2.63678e-16,					-2.26983e-16,					0,
				2.63678e-16,					-1,					-8.41149e-17,					0,
				-2.26983e-16,					8.41149e-17,					-1,					0,
				0.0176439,					0.00569077,					-0.0315178,					1
			]
			,"mesh": 32
			,"name": "Socle-2"		}
,
		{
			"matrix": [
				1.29544e-22,					-1.99515e-22,					-1,					0,
				-0.283572,					0.958951,					-2.2806e-22,					0,
				0.958951,					0.283572,					6.76493e-23,					0,
				0.0351807,					0.0597785,					-0.032,					1
			]
			,"name": "User Library-Iphone 8 v2-3"		}
,
		{
			"matrix": [
				0.72725,					-0.264697,					0.63328,					0,
				0.34202,					0.939693,					-4.70153e-17,					0,
				-0.595088,					0.216594,					0.773923,					0,
				0.0603051,					-0.0137282,					-0.0188178,					1
			]
			,"mesh": 33
			,"name": "plot-1"		}
,
		{
			"matrix": [
				-1,					-2.31296e-16,					0,					0,
				-2.31296e-16,					1,					4.93038e-32,					0,
				-1.14038e-47,					4.93038e-32,					-1,					0,
				-0.00458106,					-0.00230923,					-0.0315178,					1
			]
			,"name": "porte stylo 2-1"		}
,
		{
			"matrix": [
				-0.977531,					0,					-0.210793,					0,
				0.210793,					0,					-0.977531,					0,
				0,					-1,					0,					0,
				-0.00775606,					0.0656908,					-0.0188178,					1
			]
			,"name": "porte stylo 1-2"		}
,
		{
			"matrix": [
				0.0136668,					-1.46995e-32,					0.999907,					0,
				0.999907,					-4.46884e-33,					-0.0136668,					0,
				4.66932e-33,					1,					1.46371e-32,					0,
				0.0209459,					-0.00993302,					-0.0188178,					1
			]
			,"name": "module port telephone 65-1"		}
,
		{
			"matrix": [
				0.882171,					4.91349e-17,					-0.47093,					0,
				-1.99409e-17,					1,					6.69817e-17,					0,
				0.47093,					-4.96985e-17,					0.882171,					0,
				-0.00775606,					0.0656908,					-0.0315178,					1
			]
			,"name": "porte stylo 4-1"		}
,
		{
			"matrix": [
				0.972254,					3.41286e-16,					0.233929,					0,
				0.233929,					1.82998e-16,					-0.972254,					0,
				-3.74625e-16,					1,					9.80842e-17,					0,
				-0.00775606,					0.0206908,					-0.0442178,					1
			]
			,"name": "stylo-2"		}
,
		{
			"matrix": [
				-0.220538,					0,					-0.975378,					0,
				0.975378,					0,					-0.220538,					0,
				0,					-1,					0,					0,
				0.00268094,					0.0656908,					-0.0315178,					1
			]
			,"mesh": 34
			,"name": "porte stylo 1-1"		}
,
		{
			"matrix": [
				-0.0891912,					-4.07461e-17,					0.996015,					0,
				0.996015,					-5.30939e-16,					0.0891912,					0,
				5.25189e-16,					1,					8.79388e-17,					0,
				0.00268094,					0.0206908,					-0.0315178,					1
			]
			,"mesh": 35
			,"name": "stylo-1"		}
,
		{
			"matrix": [
				-0.34202,					-0.939693,					-1.40954e-18,					0,
				0.939693,					-0.34202,					7.49401e-16,					0,
				-7.04688e-16,					2.54986e-16,					1,					0,
				0.0289381,					0.0150877,					-0.00811776,					1
			]
			,"mesh": 36
			,"name": "post it-1"		}
,
		{
			"matrix": [
				-0.546499,					0,					-0.83746,					0,
				-0.83746,					0,					0.546499,					0,
				0,					1,					0,					0,
				0.0209459,					-0.00993302,					-0.0442178,					1
			]
			,"name": "module port telephone 60-1"		}
,
		{
			"matrix": [
				-0.222109,					-1.19406e-16,					0.975022,					0,
				-0.975022,					2.72005e-17,					-0.222109,					0,
				-2.78508e-28,					-1,					-1.22465e-16,					0,
				0.0209459,					0.078067,					-0.0188178,					1
			]
			,"name": "module port telephone 60-2"		}
,
		{
			"matrix": [
				-0.843221,					-6.75415e-16,					0.537567,					0,
				-0.537567,					-7.29459e-17,					-0.843221,					0,
				6.08738e-16,					-1,					-3.01572e-16,					0,
				-0.014963,					0.06,					2.08167e-17,					1
			]
			,"name": "porte stylo 3-1"		}
,
		{
			"matrix": [
				0.672121,					0,					0.740442,					0,
				0.740442,					0,					-0.672121,					0,
				0,					1,					0,					0,
				0.0209459,					-0.00993302,					-0.0442178,					1
			]
			,"name": "module port telephone 65-2"		}
,
		{
			"matrix": [
				0.698849,					1.53714e-16,					-0.715269,					0,
				0.715269,					2.31777e-17,					0.698849,					0,
				1.24001e-16,					-1,					-9.37488e-17,					0,
				-0.014963,					0.06,					-0.0254,					1
			]
			,"name": "porte stylo 3-2"		}
,
		{
			"matrix": [
				-0.912468,					0.332111,					-0.238966,					0,
				0.34202,					0.939693,					-2.18645e-16,					0,
				0.224555,					-0.0817312,					-0.971028,					0,
				0.0603051,					-0.0137282,					-0.0442178,					1
			]
			,"mesh": 37
			,"name": "plot-2"		}
,
		{
			"matrix": [
				0.906308,					-2.95113e-15,					0,					0,
				1.2472e-15,					0.383022,					-0.821394,					0,
				2.95113e-15,					0.906308,					0.422618,					0,
				-1.47556e-15,					0.453154,					-0.211309,					1
			]
			,"extensions" : {
				"KHR_lights_punctual" : {
					"light" : 8
				}
			}
			,"name": "LightNode_Directional5"		}
,
		{
			"matrix": [
				0.577288,					0.577382,					-0,					0,
				0.333369,					-0.333315,					-0.666631,					0,
				-0.577382,					0.577288,					-0.577382,					0,
				0.288691,					0.288644,					0.288691,					1
			]
			,"extensions" : {
				"KHR_lights_punctual" : {
					"light" : 9
				}
			}
			,"name": "LightNode_Directional6"		}
,
		{
			"children": [
				112, 113, 114, 115, 116, 117, 118, 119, 120, 121, 122, 123, 124, 125, 126, 127, 128
			]
			,"name": "Assemblage final"		}
,
		{
			"matrix": [
				-0.912468,					0.332111,					-0.238966,					0,
				0.34202,					0.939693,					-2.18645e-16,					0,
				0.224555,					-0.0817312,					-0.971028,					0,
				0.0603051,					-0.0137282,					-0.0442178,					1
			]
			,"mesh": 38
			,"name": "plot-2"		}
,
		{
			"matrix": [
				0.972254,					3.41286e-16,					0.233929,					0,
				0.233929,					1.82998e-16,					-0.972254,					0,
				-3.74625e-16,					1,					9.80842e-17,					0,
				0.00268094,					0.0206908,					-0.0188178,					1
			]
			,"mesh": 39
			,"name": "stylo-2"		}
,
		{
			"matrix": [
				-0.0891912,					-4.07461e-17,					0.996015,					0,
				0.996015,					-5.30939e-16,					0.0891912,					0,
				5.25189e-16,					1,					8.79388e-17,					0,
				0.00268094,					0.0206908,					-0.0442178,					1
			]
			,"mesh": 40
			,"name": "stylo-1"		}
,
		{
			"matrix": [
				-0.222109,					-1.19406e-16,					0.975022,					0,
				-0.975022,					2.72005e-17,					-0.222109,					0,
				-2.78508e-28,					-1,					-1.22465e-16,					0,
				0.0209459,					0.078067,					-0.0188178,					1
			]
			,"name": "module port telephone 60-2"		}
,
		{
			"matrix": [
				-0.977531,					0,					-0.210793,					0,
				0.210793,					0,					-0.977531,					0,
				0,					-1,					0,					0,
				0.00268094,					0.0656908,					-0.0442178,					1
			]
			,"mesh": 41
			,"name": "porte stylo 1-2"		}
,
		{
			"matrix": [
				0.72725,					-0.264697,					0.63328,					0,
				0.34202,					0.939693,					-4.70153e-17,					0,
				-0.595088,					0.216594,					0.773923,					0,
				0.0603051,					-0.0137282,					-0.0188178,					1
			]
			,"mesh": 42
			,"name": "plot-1"		}
,
		{
			"matrix": [
				-0.546499,					0,					-0.83746,					0,
				-0.83746,					0,					0.546499,					0,
				0,					1,					0,					0,
				0.0209459,					-0.00993302,					-0.0442178,					1
			]
			,"name": "module port telephone 60-1"		}
,
		{
			"matrix": [
				0.0136668,					-1.46995e-32,					0.999907,					0,
				0.999907,					-4.46884e-33,					-0.0136668,					0,
				4.66932e-33,					1,					1.46371e-32,					0,
				0.0209459,					-0.00993302,					-0.0188178,					1
			]
			,"name": "module port telephone 65-1"		}
,
		{
			"matrix": [
				-1,					-2.31296e-16,					0,					0,
				-2.31296e-16,					1,					4.93038e-32,					0,
				-1.14038e-47,					4.93038e-32,					-1,					0,
				-0.00458106,					-0.00230923,					-0.0315178,					1
			]
			,"name": "porte stylo 2-1"		}
,
		{
			"matrix": [
				-0.34202,					-0.939693,					-1.40954e-18,					0,
				0.939693,					-0.34202,					7.49401e-16,					0,
				-7.04688e-16,					2.54986e-16,					1,					0,
				0.0289381,					0.0150877,					-0.00811776,					1
			]
			,"mesh": 43
			,"name": "post it-1"		}
,
		{
			"matrix": [
				1.29544e-22,					-1.99515e-22,					-1,					0,
				-0.283572,					0.958951,					-2.2806e-22,					0,
				0.958951,					0.283572,					6.76493e-23,					0,
				0.0351807,					0.0597785,					-0.032,					1
			]
			,"name": "User Library-Iphone 8 v2-3"		}
,
		{
			"matrix": [
				1,					2.63678e-16,					-2.26983e-16,					0,
				2.63678e-16,					-1,					-8.41149e-17,					0,
				-2.26983e-16,					8.41149e-17,					-1,					0,
				0.0176439,					0.00569077,					-0.0315178,					1
			]
			,"mesh": 44
			,"name": "Socle-2"		}
,
		{
			"matrix": [
				-0.220538,					0,					-0.975378,					0,
				0.975378,					0,					-0.220538,					0,
				0,					-1,					0,					0,
				0.00268094,					0.0656908,					-0.0188178,					1
			]
			,"mesh": 45
			,"name": "porte stylo 1-1"		}
,
		{
			"matrix": [
				0.672121,					0,					0.740442,					0,
				0.740442,					0,					-0.672121,					0,
				0,					1,					0,					0,
				0.0209459,					-0.00993302,					-0.0442178,					1
			]
			,"name": "module port telephone 65-2"		}
,
		{
			"matrix": [
				0.698849,					1.53714e-16,					-0.715269,					0,
				0.715269,					2.31777e-17,					0.698849,					0,
				1.24001e-16,					-1,					-9.37488e-17,					0,
				-0.014963,					0.06,					-0.0254,					1
			]
			,"name": "porte stylo 3-2"		}
,
		{
			"matrix": [
				-0.843221,					-6.75415e-16,					0.537567,					0,
				-0.537567,					-7.29459e-17,					-0.843221,					0,
				6.08738e-16,					-1,					-3.01572e-16,					0,
				-0.014963,					0.06,					2.08167e-17,					1
			]
			,"name": "porte stylo 3-1"		}
,
		{
			"matrix": [
				0.882171,					4.91349e-17,					-0.47093,					0,
				-1.99409e-17,					1,					6.69817e-17,					0,
				0.47093,					-4.96985e-17,					0.882171,					0,
				-0.00775606,					0.0656908,					-0.0315178,					1
			]
			,"name": "porte stylo 4-1"		}
,
		{
			"matrix": [
				0.906308,					-2.95113e-15,					0,					0,
				1.2472e-15,					0.383022,					-0.821394,					0,
				2.95113e-15,					0.906308,					0.422618,					0,
				-1.47556e-15,					0.453154,					-0.211309,					1
			]
			,"extensions" : {
				"KHR_lights_punctual" : {
					"light" : 10
				}
			}
			,"name": "LightNode_Directional5"		}
,
		{
			"matrix": [
				0.577288,					0.577382,					-0,					0,
				0.333369,					-0.333315,					-0.666631,					0,
				-0.577382,					0.577288,					-0.577382,					0,
				0.288691,					0.288644,					0.288691,					1
			]
			,"extensions" : {
				"KHR_lights_punctual" : {
					"light" : 11
				}
			}
			,"name": "LightNode_Directional6"		}
,
		{
			"children": [
				132, 133, 134, 135, 136, 137, 138, 139, 140, 141, 142, 143, 144, 145, 146, 147, 148
			]
			,"name": "Assemblage final"		}
,
		{
			"matrix": [
				0.698849,					1.53714e-16,					-0.715269,					0,
				0.715269,					2.31777e-17,					0.698849,					0,
				1.24001e-16,					-1,					-9.37488e-17,					0,
				-0.014963,					0.06,					-0.0254,					1
			]
			,"name": "porte stylo 3-2"		}
,
		{
			"matrix": [
				1.29544e-22,					-1.99515e-22,					-1,					0,
				-0.283572,					0.958951,					-2.2806e-22,					0,
				0.958951,					0.283572,					6.76493e-23,					0,
				0.0351807,					0.0597785,					-0.032,					1
			]
			,"name": "User Library-Iphone 8 v2-3"		}
,
		{
			"matrix": [
				1,					2.63678e-16,					-2.26983e-16,					0,
				2.63678e-16,					-1,					-8.41149e-17,					0,
				-2.26983e-16,					8.41149e-17,					-1,					0,
				0.0176439,					0.00569077,					-0.0315178,					1
			]
			,"mesh": 46
			,"name": "Socle-2"		}
,
		{
			"matrix": [
				-0.977531,					0,					-0.210793,					0,
				0.210793,					0,					-0.977531,					0,
				0,					-1,					0,					0,
				0.00268094,					0.0656908,					-0.0442178,					1
			]
			,"name": "porte stylo 1-2"		}
,
		{
			"matrix": [
				-0.912468,					0.332111,					-0.238966,					0,
				0.34202,					0.939693,					-2.18645e-16,					0,
				0.224555,					-0.0817312,					-0.971028,					0,
				0.0603051,					-0.0137282,					-0.0442178,					1
			]
			,"mesh": 47
			,"name": "plot-2"		}
,
		{
			"matrix": [
				0.972254,					3.41286e-16,					0.233929,					0,
				0.233929,					1.82998e-16,					-0.972254,					0,
				-3.74625e-16,					1,					9.80842e-17,					0,
				0.00268094,					0.0206908,					-0.0188178,					1
			]
			,"name": "stylo-2"		}
,
		{
			"matrix": [
				-0.220538,					0,					-0.975378,					0,
				0.975378,					0,					-0.220538,					0,
				0,					-1,					0,					0,
				0.00268094,					0.0656908,					-0.0188178,					1
			]
			,"name": "porte stylo 1-1"		}
,
		{
			"matrix": [
				0.470096,					2.78005e-16,					-0.882615,					0,
				0.882615,					7.09025e-16,					0.470096,					0,
				7.56485e-16,					-1,					8.79388e-17,					0,
				-0.00775606,					0.152691,					-0.0315178,					1
			]
			,"mesh": 48
			,"name": "stylo-1"		}
,
		{
			"matrix": [
				-0.546499,					0,					-0.83746,					0,
				-0.83746,					0,					0.546499,					0,
				0,					1,					0,					0,
				0.0209459,					-0.00993302,					-0.0442178,					1
			]
			,"mesh": 49
			,"name": "module port telephone 60-1"		}
,
		{
			"matrix": [
				-0.222109,					-1.19406e-16,					0.975022,					0,
				-0.975022,					2.72005e-17,					-0.222109,					0,
				-2.78508e-28,					-1,					-1.22465e-16,					0,
				0.0209459,					0.078067,					-0.0188178,					1
			]
			,"mesh": 50
			,"name": "module port telephone 60-2"		}
,
		{
			"matrix": [
				0.0136668,					-1.46995e-32,					0.999907,					0,
				0.999907,					-4.46884e-33,					-0.0136668,					0,
				4.66932e-33,					1,					1.46371e-32,					0,
				0.0209459,					-0.00993302,					-0.0188178,					1
			]
			,"name": "module port telephone 65-1"		}
,
		{
			"matrix": [
				0.672121,					0,					0.740442,					0,
				0.740442,					0,					-0.672121,					0,
				0,					1,					0,					0,
				0.0209459,					-0.00993302,					-0.0442178,					1
			]
			,"name": "module port telephone 65-2"		}
,
		{
			"matrix": [
				-0.34202,					-0.939693,					-1.40954e-18,					0,
				0.939693,					-0.34202,					7.49401e-16,					0,
				-7.04688e-16,					2.54986e-16,					1,					0,
				0.0289381,					0.0150877,					-0.00811776,					1
			]
			,"name": "post it-1"		}
,
		{
			"matrix": [
				-1,					-2.31296e-16,					0,					0,
				-2.31296e-16,					1,					4.93038e-32,					0,
				-1.14038e-47,					4.93038e-32,					-1,					0,
				-0.00458106,					-0.00230923,					-0.0315178,					1
			]
			,"mesh": 51
			,"name": "porte stylo 2-1"		}
,
		{
			"matrix": [
				-0.843221,					-6.75415e-16,					0.537567,					0,
				-0.537567,					-7.29459e-17,					-0.843221,					0,
